Oxzy     -    1
Mandy1     -    77
Bronzy     --- 2
Hannahmaame    ---- 15
Mamarash    --- 84
Sina  ---- 49  
Brain

0507303711


https://fleet.hyvikk.online/login

0242514564
0543425701
0541771936
0249010459
0541229172
0555237943
0240483244
0247155827
0243499400
0572301232
0205864248
0540788569
0556946734
0242382930
0548832131
0541252114
0540485009
0244974196
0542865513
0208522214
0242789642
0558203192
0543974074
0279530856
0248831156
0542486528
0245857740
0554957158
0547659329
0249805372
0243542799
0557349582
0500302144
0243603736
0207104175
0558433258
0540916610
0570845844
0545778848
0541252114
0555505736
0261326634
0268490810
0546750007
0247429508
0208557244
0247969713
0207104175
0504972072
0241847144
0558736556
0268365924
0243102792
0200880044
0243227691
0248442837
0205745884
0247154447
0207314321
0246241758
0505605483
0553670302
0545064709
0266269381
0247154447
0542834662
0555833925
0541150258
0551715858
0248593073
0274503773
0547969142
0246191998
0544368206
0243142316
0546336101
0247154447
0247154447
0541141990
0542205844
0558737543
0247154447
0505605483
0200170957
0545404500
0247154447
0542790000
0245876854
0243370761
0244642037
0546601174
0247382377
0208225406
0506652885
0241041586
0248623634
0268041478
0247104282 
0546346531
0245109757
0546298557
0545222955
0240615864
0245104343
0241220547
0548839101
0558749927
0551715858
0245111370
0551715858
0268638756
0242382930
0542729410
0248200314
0244974689
0549295482
0542729410
0542729410
0541771936
0542729410
0244974689
0244974689
0245049244
0548287971
0543425701
0243802693
0249843193
0245088303
0545090090
0240483244
0272552255
0244974196
0246137346
0570845844
0200915417
0555237943
0545761544
0247969713
0276621014
0504520741
0572090158
0555529283
0542865513
0551463766
0557566646
0245512595
0242937760
0541725256
0245088303
0243178384
0245293902
0247609007
0247154447
0248485028
0248485028
0203767118
0243458095
0266313068
0557882856
0543670775
0247423303
0556352153
0542825284
0547522745
0542353534
0205388549
0248485028
0267298892
0244755376
0545457525
0546844009
0246550362
0540234356
0248485028
0248483200
0240857851
0247085883
0553985520
0274671164
0542825284
0542790000
0244467478
0553036758
0246694377
0247154447
0542834662
0549295482
0542825284
0570845844
0541052595
0549295482
0242384438
0548898174
0553011580
0242808336
0209654126
0243879682
0248831156	 
0247969713
0240644909
0247969713
0247969713
0543037716
0553562629
0243877831
0553670622
0247969713
0247969713
0247969713
0541561873
0553670622
0241652802
0247969713
0240483598
0553452213
0548511242
0243072983
0247969713
0247969713
0245280535
0541795503
0243822320
0541795503
0557587990
0248462581
0553985520
0541213986
0543869834
0242763857
0245715080
0206866266
0243981943
0241229078
0247969713
0267906619
0543852528
0541340420
0542392180
0240352819
0545496379
0545496379
0244995377
0242541756
0206902366
0554121528
0247711275
0242804047
0240178733
0240576583
o508636356
0546388929
0248787769
0541412514
0249127330
0246942382
0540539073
0206474963
0545403096
0243138265
0248950157
0543014362
0246476396
0249228315
0242735117
0547028610
0243785333
0244383615
0248001650
0540747404
0247274324
0542145703
0541778186
0540888890
0543273659
0249193548
0248157025
0541019177
0247991957
0548537376
0248222071
0542608659
0241803289
0245749096
0244921219	 
0241127432
0245500257
0542103970
0247634105
0245878897
0240133699
0244384181
0546117278
0553452213
0547561979
0267527780
0247129690
0548511242
0541412514
0246990621
0243152377
0249712651
0246515336
0247436957
0246957717
0241123104
0242873694
0549580162
0577679390
0272552255
0242514564
0244910386
0245705216
0246145180
0243918648
0542561531
0243214581
0242072996
0244648494
0555803599
0504718308
0204007228
0548758030
0540457024
0549055400
0548758030
0549097505
0546999665
0501583519
0244015290
0206195522
0272552255
0546010000
0558749927
0550692896
0247426791
0551186597
0243387265
0557711533



Register now and enjoy 100% interest on your PH within 4 days.

https://castledoubloons.club/app/register.php

JOIN OUR TELEGRAM: https://t.me/castledoubloons